O       3.300130     22.210424      1.197226
N       2.310111     18.801729     -0.637847
H       2.394425     18.811891     -1.544352
H       3.147639     18.774713     -0.282570
C       3.683445     21.581874     -0.043146
H       4.144632     20.717865      0.160847
C       3.799802     22.978514      3.341713
H       2.949614     23.402091      3.351711
C       4.627846     23.068484      4.442974
H       4.345520     23.550802      5.211237
C       6.291499     21.756856      3.302261
H       7.144392     21.339971      3.291937
C       4.610713     22.448856     -0.867380
C       4.210228     22.266934      2.214260
C       5.467721     21.667878      2.187850
H       5.759745     21.201175      1.412848
C       6.162417     22.604259     -2.711691
H       6.641136     22.190100     -3.421267
C       5.880628     22.449848      4.428954
C       4.766507     23.809311     -0.631869
H       4.295542     24.224957      0.080424
C       5.314115     21.851288     -1.915931
H       5.210681     20.921103     -2.084495
C       1.642911     20.062795     -0.203559
H       1.632688     20.108152      0.785761
H       0.704702     20.066017     -0.520580
C       2.370604     21.280983     -0.760221
H       1.776989     22.071132     -0.686862
H       2.557223     21.131776     -1.720415
C       6.313497     23.964961     -2.471398
H       6.895653     24.482722     -3.014801
C       5.614468     24.563026     -1.440671
H       5.712238     25.493954     -1.282432
C       1.582589     17.572884     -0.238663
H       0.684507     17.582550     -0.630348
H       1.513739     17.537937      0.737942
H       2.069955     16.786948     -0.560792
C       6.742605     22.472650      5.659001
F       7.957442     22.038911      5.442727
F       6.259144     21.695637      6.623868
F       6.815336     23.686624      6.165453